0.0029411764705882353
0.0018115942028985507
0.0021645021645021645
0.0023148148148148147
0.0024437927663734115
0.002435064935064935
0.0025925925925925925
0.0028368794326241137
0.0027472527472527475
0.00248015873015873
0.0025183150183150185
0.002564102564102564
0.002380952380952381
0.0021212121212121214
0.001885369532428356
0.0019230769230769232
0.0019079685746352412
0.0017543859649122807
0.0017951625094482237
0.0017692852087756545
0.0015283842794759825
0.0016004655899898152
0.0016452074391988555
0.0016563146997929607
0.001591545709192768
0.0016414141414141414
0.0016163793103448276
0.0014957264957264958
0.0014536340852130327
0.0012833675564681724
0.0010565780504430812
0.0010624169986719787
0.0010683760683760685
0.0010822510822510823
0.0011073146038977474
0.0011385199240986717
0.0010588369963369963
0.0010755122834823956
0.0009783263094521374
0.0009746588693957114
0.000984062980030722
0.0009813542688910696
0.000921639231824417
0.0008954008954008954
0.000900360144057623
0.0008739930080559356
0.0008185301288749564
0.0007907742998352553
0.0008061066692988517
0.0007815919464765835
0.0007836990595611285
0.0007965686274509804
0.0007782672540381792
0.0007232401157184186
0.0007298301486199575
0.0006949615289153636
0.0006840109441751068
0.0006932491872250908
0.000690155343440015
0.0006790710308298248
0.0006887985546522132
0.0006831955922865014
0.0006923076923076923
0.0006811409110259685
0.0006429277942631059
0.0006306616213736957
0.0006250932975070906
0.0006007067137809187
0.0005952380952380953
0.0005763024435223605
0.0005760649087221095
0.0005704506560182544
0.0005620226656812022
0.0005667892156862746
0.0005468544929565141
0.0005091103965702037
0.0005104408352668213
0.0004925237421701354
0.0004870770444904804
0.0004926108374384236
0.0004916958041958042
0.00047652254765225477
0.0004711946772032609
0.00046179219351291916
0.0004519930233547454
0.00045633025575718986
0.00044794562866852023
0.0004489337822671156
0.0004538685922934133
0.0004411764705882353
0.00043652621076061096
0.00042642341991582774
0.00042315042315042313
0.000425863506215795
0.00042535281896984023
0.0004232804232804233
0.0004249912372940764
0.0004205719778899303
0.0004107883817427386
0.00040025616394492473
0.0003998416468725257
0.0004027799715684726
0.00040078132903758007
0.0004023055200959344
0.00039656761288958046
0.00039804133621725545
0.0003934546791689649
0.00039669421487603304
0.00039509072587952995
0.00039853339709867687
0.0003985007754609685
0.0003991446899501069
0.0004005217415961323
0.00040059034366434745
0.0004027456748616656
0.0003941958065721956
0.00039740767913915383
0.00037481735594943144
0.0003737906772207564
0.00037069988137603796
0.00036211065622830327
0.0003582334977683815
0.00036017991425961064
0.0003561580882352941
0.00034939624329159214
0.00034324942791762013
0.00032754752018156967
0.00032741932183272965
0.0003255356196532667
0.0003258145363408521
0.00032635774788241154
0.0003219198127011999
0.0003146752220471398
0.00031619284932230907
0.0003098675603094085
0.0003065009758450187
0.0003051768689298761
0.0003073058628614184
0.00030748810972237585
0.00030501886759566697
0.0003037588542474536
0.00029771264440111537
0.0002969441744951949
0.00029584826271325727
0.0002965963017509409
0.00029796161601319197
0.0002977540834845735
0.00029966550849997163
0.00029075440034344145
0.0002920401535741821
0.0002935196308261703
0.0002863170584689572
0.00028648466464442195
0.0002786220871327254
0.0002786927690913537
0.0002768549280177187
0.00027325257588415485
0.00027484952858087186
0.0002739792120426787
0.00027477811667078836
0.00027387473207906644
0.00027516203986792224
0.0002698157307536963
0.0002681052803661926
0.00026738314546291314
0.0002664920020291921
0.00026680725971370143
0.0002644003777148253
0.0002632398753894081
0.0002627154266498529
0.0002617352280310776
0.00026143790849673205
0.0002625986642380085
0.00026154401154401157
0.0002630265792115816
0.000264502554854223
0.00026416648757074287
0.00026468952513509575
0.000263340630369795
0.00026446242135916054
0.0002647127647127647
0.00026445339517474264
0.0002575534951275945
0.00025865946918578496
0.00025630368523136605
0.0002575463860426475
0.0002589095339628389
0.0002578662935835185
0.0002559103095296125
0.00025615099427030673
0.00025713101026908556
0.00025818111405150713
0.00025875198421210693
0.0002591310294714796
0.00025727494379532
0.0002546890065309538
0.00025592525423640737
0.0002516010978956999
0.00024856233543674524
0.0002444390124663896
0.00024355842494038271
0.0002409926031973276
0.0002419950885725866
0.0002423723980610208
0.00024195642423813232
0.0002416478978978979
0.00024271844660194174
0.00023820976201928583
0.00023881347410759175
0.00023942592503916325
0.00023478253128950133
0.00023135870858188024
0.00022804650864007193
0.00022507456909789272
0.00022009024723812333
0.00021964612568639414
0.00021751507569925583
